t 0 0 0 3e-12 4.1e-09 4e-12 6.5e-09 2.99e-07
t 1 1 0 3e-12 4.1e-09 4e-12 6.5e-09 2.99e-07
t 2 2 0 3e-12 4.1e-09 4e-12 6.5e-09 2.99e-07
t 3 3 0 3e-12 4.1e-09 4e-12 6.5e-09 2.99e-07
t 4 4 0 3e-12 4.1e-09 4e-12 6.5e-09 2.99e-07
t 5 5 0 3e-12 4.1e-09 4e-12 6.5e-09 2.99e-07
t 6 6 0 3e-12 4.1e-09 4e-12 6.5e-09 2.99e-07
t 7 7 0 3e-12 4.1e-09 4e-12 6.5e-09 2.99e-07
t 8 0 1 3e-12 4.1e-09 4e-12 6.5e-09 2.99e-07
t 9 1 1 3e-12 4.1e-09 4e-12 6.5e-09 2.99e-07
t 10 2 1 3e-12 4.1e-09 4e-12 6.5e-09 2.99e-07
t 11 3 1 3e-12 4.1e-09 4e-12 6.5e-09 2.99e-07
t 12 4 1 3e-12 4.1e-09 4e-12 6.5e-09 2.99e-07
t 13 5 1 3e-12 4.1e-09 4e-12 6.5e-09 2.99e-07
t 14 6 1 3e-12 4.1e-09 4e-12 6.5e-09 2.99e-07
t 15 7 1 3e-12 4.1e-09 4e-12 6.5e-09 2.99e-07
t 16 0 2 3e-12 4.1e-09 4e-12 6.5e-09 2.99e-07
t 17 1 2 3e-12 4.1e-09 4e-12 6.5e-09 2.99e-07
t 18 2 2 3e-12 4.1e-09 4e-12 6.5e-09 2.99e-07
t 19 3 2 3e-12 4.1e-09 4e-12 6.5e-09 2.99e-07
t 20 4 2 3e-12 4.1e-09 4e-12 6.5e-09 2.99e-07
t 21 5 2 3e-12 4.1e-09 4e-12 6.5e-09 2.99e-07
t 22 6 2 3e-12 4.1e-09 4e-12 6.5e-09 2.99e-07
t 23 7 2 3e-12 4.1e-09 4e-12 6.5e-09 2.99e-07
t 24 0 3 3e-12 4.1e-09 4e-12 6.5e-09 2.99e-07
t 25 1 3 3e-12 4.1e-09 4e-12 6.5e-09 2.99e-07
t 26 2 3 3e-12 4.1e-09 4e-12 6.5e-09 2.99e-07
t 27 3 3 3e-12 4.1e-09 4e-12 6.5e-09 2.99e-07
t 28 4 3 3e-12 4.1e-09 4e-12 6.5e-09 2.99e-07
t 29 5 3 3e-12 4.1e-09 4e-12 6.5e-09 2.99e-07
t 30 6 3 3e-12 4.1e-09 4e-12 6.5e-09 2.99e-07
t 31 7 3 3e-12 4.1e-09 4e-12 6.5e-09 2.99e-07
c 0 0
c 1 0
c 2 0
c 3 0
c 4 1
c 5 1
c 6 1
c 7 1
c 8 2
c 9 2
c 10 2
c 11 2
c 12 3
c 13 3
c 14 3
c 15 3
c 16 4
c 17 4
c 18 4
c 19 4
c 20 5
c 21 5
c 22 5
c 23 5
c 24 6
c 25 6
c 26 6
c 27 6
c 28 7
c 29 7
c 30 7
c 31 7
c 32 8
c 33 8
c 34 8
c 35 8
c 36 9
c 37 9
c 38 9
c 39 9
c 40 10
c 41 10
c 42 10
c 43 10
c 44 11
c 45 11
c 46 11
c 47 11
c 48 12
c 49 12
c 50 12
c 51 12
c 52 13
c 53 13
c 54 13
c 55 13
c 56 14
c 57 14
c 58 14
c 59 14
c 60 15
c 61 15
c 62 15
c 63 15
c 64 16
c 65 16
c 66 16
c 67 16
c 68 17
c 69 17
c 70 17
c 71 17
c 72 18
c 73 18
c 74 18
c 75 18
c 76 19
c 77 19
c 78 19
c 79 19
c 80 20
c 81 20
c 82 20
c 83 20
c 84 21
c 85 21
c 86 21
c 87 21
c 88 22
c 89 22
c 90 22
c 91 22
c 92 23
c 93 23
c 94 23
c 95 23
c 96 24
c 97 24
c 98 24
c 99 24
c 100 25
c 101 25
c 102 25
c 103 25
c 104 26
c 105 26
c 106 26
c 107 26
c 108 27
c 109 27
c 110 27
c 111 27
c 112 28
c 113 28
c 114 28
c 115 28
c 116 29
c 117 29
c 118 29
c 119 29
c 120 30
c 121 30
c 122 30
c 123 30
c 124 31
c 125 31
c 126 31
c 127 31
i 0 0
i 1 1
i 2 2
i 3 3
i 4 4
i 5 5
i 6 6
i 7 7
i 8 8
i 9 9
i 10 10
i 11 11
i 12 12
i 13 13
i 14 14
i 15 15
i 16 16
i 17 17
i 18 18
i 19 19
i 20 20
i 21 21
i 22 22
i 23 23
i 24 24
i 25 25
i 26 26
i 27 27
i 28 28
i 29 29
i 30 30
i 31 31
i 32 32
i 33 33
i 34 34
i 35 35
i 36 36
i 37 37
i 38 38
i 39 39
i 40 40
i 41 41
i 42 42
i 43 43
i 44 44
i 45 45
i 46 46
i 47 47
i 48 48
i 49 49
i 50 50
i 51 51
i 52 52
i 53 53
i 54 54
i 55 55
i 56 56
i 57 57
i 58 58
i 59 59
i 60 60
i 61 61
i 62 62
i 63 63
i 64 64
i 65 65
i 66 66
i 67 67
i 68 68
i 69 69
i 70 70
i 71 71
i 72 72
i 73 73
i 74 74
i 75 75
i 76 76
i 77 77
i 78 78
i 79 79
i 80 80
i 81 81
i 82 82
i 83 83
i 84 84
i 85 85
i 86 86
i 87 87
i 88 88
i 89 89
i 90 90
i 91 91
i 92 92
i 93 93
i 94 94
i 95 95
i 96 96
i 97 97
i 98 98
i 99 99
i 100 100
i 101 101
i 102 102
i 103 103
i 104 104
i 105 105
i 106 106
i 107 107
i 108 108
i 109 109
i 110 110
i 111 111
i 112 112
i 113 113
i 114 114
i 115 115
i 116 116
i 117 117
i 118 118
i 119 119
i 120 120
i 121 121
i 122 122
i 123 123
i 124 124
i 125 125
i 126 126
i 127 127
s 0 0 4 2.36e-11 3.5e-09
s 1 0 4 2.36e-11 3.5e-09
s 2 0 4 2.36e-11 3.5e-09
s 3 0 4 2.36e-11 3.5e-09
s 4 0 4 2.36e-11 3.5e-09
s 5 0 4 2.36e-11 3.5e-09
s 6 0 4 2.36e-11 3.5e-09
s 7 0 4 2.36e-11 3.5e-09
s 8 0 4 2.36e-11 3.5e-09
s 9 0 4 2.36e-11 3.5e-09
s 10 0 4 2.36e-11 3.5e-09
s 11 0 4 2.36e-11 3.5e-09
s 12 0 4 2.36e-11 3.5e-09
s 13 0 4 2.36e-11 3.5e-09
s 14 0 4 2.36e-11 3.5e-09
s 15 0 4 2.36e-11 3.5e-09
s 16 0 4 2.36e-11 3.5e-09
s 17 0 4 2.36e-11 3.5e-09
s 18 0 4 2.36e-11 3.5e-09
s 19 0 4 2.36e-11 3.5e-09
s 20 0 4 2.36e-11 3.5e-09
s 21 0 4 2.36e-11 3.5e-09
s 22 0 4 2.36e-11 3.5e-09
s 23 0 4 2.36e-11 3.5e-09
s 24 0 4 2.36e-11 3.5e-09
s 25 0 4 2.36e-11 3.5e-09
s 26 0 4 2.36e-11 3.5e-09
s 27 0 4 2.36e-11 3.5e-09
s 28 0 4 2.36e-11 3.5e-09
s 29 0 4 2.36e-11 3.5e-09
s 30 0 4 2.36e-11 3.5e-09
s 31 0 4 2.36e-11 3.5e-09
s 32 0 4 2.36e-11 3.5e-09
s 33 0 4 2.36e-11 3.5e-09
s 34 0 4 2.36e-11 3.5e-09
s 35 0 4 2.36e-11 3.5e-09
s 36 0 4 2.36e-11 3.5e-09
s 37 0 4 2.36e-11 3.5e-09
s 38 0 4 2.36e-11 3.5e-09
s 39 0 4 2.36e-11 3.5e-09
s 40 0 4 2.36e-11 3.5e-09
s 41 0 4 2.36e-11 3.5e-09
s 42 0 4 2.36e-11 3.5e-09
s 43 0 4 2.36e-11 3.5e-09
s 44 0 4 2.36e-11 3.5e-09
s 45 0 4 2.36e-11 3.5e-09
s 46 0 4 2.36e-11 3.5e-09
s 47 0 4 2.36e-11 3.5e-09
s 48 0 4 2.36e-11 3.5e-09
s 49 0 4 2.36e-11 3.5e-09
s 50 0 4 2.36e-11 3.5e-09
s 51 0 4 2.36e-11 3.5e-09
s 52 0 4 2.36e-11 3.5e-09
s 53 0 4 2.36e-11 3.5e-09
s 54 0 4 2.36e-11 3.5e-09
s 55 0 4 2.36e-11 3.5e-09
s 56 0 4 2.36e-11 3.5e-09
s 57 0 4 2.36e-11 3.5e-09
s 58 0 4 2.36e-11 3.5e-09
s 59 0 4 2.36e-11 3.5e-09
s 60 0 4 2.36e-11 3.5e-09
s 61 0 4 2.36e-11 3.5e-09
s 62 0 4 2.36e-11 3.5e-09
s 63 0 4 2.36e-11 3.5e-09
s 64 0 4 2.36e-11 3.5e-09
s 65 0 4 2.36e-11 3.5e-09
s 66 0 4 2.36e-11 3.5e-09
s 67 0 4 2.36e-11 3.5e-09
s 68 0 4 2.36e-11 3.5e-09
s 69 0 4 2.36e-11 3.5e-09
s 70 0 4 2.36e-11 3.5e-09
s 71 0 4 2.36e-11 3.5e-09
s 72 0 4 2.36e-11 3.5e-09
s 73 0 4 2.36e-11 3.5e-09
s 74 0 4 2.36e-11 3.5e-09
s 75 0 4 2.36e-11 3.5e-09
s 76 0 4 2.36e-11 3.5e-09
s 77 0 4 2.36e-11 3.5e-09
s 78 0 4 2.36e-11 3.5e-09
s 79 0 4 2.36e-11 3.5e-09
s 80 0 4 2.36e-11 3.5e-09
s 81 0 4 2.36e-11 3.5e-09
s 82 0 4 2.36e-11 3.5e-09
s 83 0 4 2.36e-11 3.5e-09
s 84 0 4 2.36e-11 3.5e-09
s 85 0 4 2.36e-11 3.5e-09
s 86 0 4 2.36e-11 3.5e-09
s 87 0 4 2.36e-11 3.5e-09
s 88 0 4 2.36e-11 3.5e-09
s 89 0 4 2.36e-11 3.5e-09
s 90 0 4 2.36e-11 3.5e-09
s 91 0 4 2.36e-11 3.5e-09
s 92 0 4 2.36e-11 3.5e-09
s 93 0 4 2.36e-11 3.5e-09
s 94 0 4 2.36e-11 3.5e-09
s 95 0 4 2.36e-11 3.5e-09
s 96 0 4 2.36e-11 3.5e-09
s 97 0 4 2.36e-11 3.5e-09
s 98 0 4 2.36e-11 3.5e-09
s 99 0 4 2.36e-11 3.5e-09
s 100 0 4 2.36e-11 3.5e-09
s 101 0 4 2.36e-11 3.5e-09
s 102 0 4 2.36e-11 3.5e-09
s 103 0 4 2.36e-11 3.5e-09
s 104 0 4 2.36e-11 3.5e-09
s 105 0 4 2.36e-11 3.5e-09
s 106 0 4 2.36e-11 3.5e-09
s 107 0 4 2.36e-11 3.5e-09
s 108 0 4 2.36e-11 3.5e-09
s 109 0 4 2.36e-11 3.5e-09
s 110 0 4 2.36e-11 3.5e-09
s 111 0 4 2.36e-11 3.5e-09
s 112 0 4 2.36e-11 3.5e-09
s 113 0 4 2.36e-11 3.5e-09
s 114 0 4 2.36e-11 3.5e-09
s 115 0 4 2.36e-11 3.5e-09
s 116 0 4 2.36e-11 3.5e-09
s 117 0 4 2.36e-11 3.5e-09
s 118 0 4 2.36e-11 3.5e-09
s 119 0 4 2.36e-11 3.5e-09
s 120 0 4 2.36e-11 3.5e-09
s 121 0 4 2.36e-11 3.5e-09
s 122 0 4 2.36e-11 3.5e-09
s 123 0 4 2.36e-11 3.5e-09
s 124 0 4 2.36e-11 3.5e-09
s 125 0 4 2.36e-11 3.5e-09
s 126 0 4 2.36e-11 3.5e-09
s 127 0 4 2.36e-11 3.5e-09
d 0 0 8.1e-11 8.4e-09
d 1 1 8.1e-11 8.4e-09
d 2 2 8.1e-11 8.4e-09
d 3 3 8.1e-11 8.4e-09
d 4 4 8.1e-11 8.4e-09
d 5 5 8.1e-11 8.4e-09
d 6 6 8.1e-11 8.4e-09
d 7 7 8.1e-11 8.4e-09
d 8 8 8.1e-11 8.4e-09
d 9 9 8.1e-11 8.4e-09
d 10 10 8.1e-11 8.4e-09
d 11 11 8.1e-11 8.4e-09
d 12 12 8.1e-11 8.4e-09
d 13 13 8.1e-11 8.4e-09
d 14 14 8.1e-11 8.4e-09
d 15 15 8.1e-11 8.4e-09
d 16 16 8.1e-11 8.4e-09
d 17 17 8.1e-11 8.4e-09
d 18 18 8.1e-11 8.4e-09
d 19 19 8.1e-11 8.4e-09
d 20 20 8.1e-11 8.4e-09
d 21 21 8.1e-11 8.4e-09
d 22 22 8.1e-11 8.4e-09
d 23 23 8.1e-11 8.4e-09
d 24 24 8.1e-11 8.4e-09
d 25 25 8.1e-11 8.4e-09
d 26 26 8.1e-11 8.4e-09
d 27 27 8.1e-11 8.4e-09
d 28 28 8.1e-11 8.4e-09
d 29 29 8.1e-11 8.4e-09
d 30 30 8.1e-11 8.4e-09
d 31 31 8.1e-11 8.4e-09
d 32 32 8.1e-11 8.4e-09
d 33 33 8.1e-11 8.4e-09
d 34 34 8.1e-11 8.4e-09
d 35 35 8.1e-11 8.4e-09
d 36 36 8.1e-11 8.4e-09
d 37 37 8.1e-11 8.4e-09
d 38 38 8.1e-11 8.4e-09
d 39 39 8.1e-11 8.4e-09
d 40 40 8.1e-11 8.4e-09
d 41 41 8.1e-11 8.4e-09
d 42 42 8.1e-11 8.4e-09
d 43 43 8.1e-11 8.4e-09
d 44 44 8.1e-11 8.4e-09
d 45 45 8.1e-11 8.4e-09
d 46 46 8.1e-11 8.4e-09
d 47 47 8.1e-11 8.4e-09
d 48 48 8.1e-11 8.4e-09
d 49 49 8.1e-11 8.4e-09
d 50 50 8.1e-11 8.4e-09
d 51 51 8.1e-11 8.4e-09
d 52 52 8.1e-11 8.4e-09
d 53 53 8.1e-11 8.4e-09
d 54 54 8.1e-11 8.4e-09
d 55 55 8.1e-11 8.4e-09
d 56 56 8.1e-11 8.4e-09
d 57 57 8.1e-11 8.4e-09
d 58 58 8.1e-11 8.4e-09
d 59 59 8.1e-11 8.4e-09
d 60 60 8.1e-11 8.4e-09
d 61 61 8.1e-11 8.4e-09
d 62 62 8.1e-11 8.4e-09
d 63 63 8.1e-11 8.4e-09
d 64 64 8.1e-11 8.4e-09
d 65 65 8.1e-11 8.4e-09
d 66 66 8.1e-11 8.4e-09
d 67 67 8.1e-11 8.4e-09
d 68 68 8.1e-11 8.4e-09
d 69 69 8.1e-11 8.4e-09
d 70 70 8.1e-11 8.4e-09
d 71 71 8.1e-11 8.4e-09
d 72 72 8.1e-11 8.4e-09
d 73 73 8.1e-11 8.4e-09
d 74 74 8.1e-11 8.4e-09
d 75 75 8.1e-11 8.4e-09
d 76 76 8.1e-11 8.4e-09
d 77 77 8.1e-11 8.4e-09
d 78 78 8.1e-11 8.4e-09
d 79 79 8.1e-11 8.4e-09
d 80 80 8.1e-11 8.4e-09
d 81 81 8.1e-11 8.4e-09
d 82 82 8.1e-11 8.4e-09
d 83 83 8.1e-11 8.4e-09
d 84 84 8.1e-11 8.4e-09
d 85 85 8.1e-11 8.4e-09
d 86 86 8.1e-11 8.4e-09
d 87 87 8.1e-11 8.4e-09
d 88 88 8.1e-11 8.4e-09
d 89 89 8.1e-11 8.4e-09
d 90 90 8.1e-11 8.4e-09
d 91 91 8.1e-11 8.4e-09
d 92 92 8.1e-11 8.4e-09
d 93 93 8.1e-11 8.4e-09
d 94 94 8.1e-11 8.4e-09
d 95 95 8.1e-11 8.4e-09
d 96 96 8.1e-11 8.4e-09
d 97 97 8.1e-11 8.4e-09
d 98 98 8.1e-11 8.4e-09
d 99 99 8.1e-11 8.4e-09
d 100 100 8.1e-11 8.4e-09
d 101 101 8.1e-11 8.4e-09
d 102 102 8.1e-11 8.4e-09
d 103 103 8.1e-11 8.4e-09
d 104 104 8.1e-11 8.4e-09
d 105 105 8.1e-11 8.4e-09
d 106 106 8.1e-11 8.4e-09
d 107 107 8.1e-11 8.4e-09
d 108 108 8.1e-11 8.4e-09
d 109 109 8.1e-11 8.4e-09
d 110 110 8.1e-11 8.4e-09
d 111 111 8.1e-11 8.4e-09
d 112 112 8.1e-11 8.4e-09
d 113 113 8.1e-11 8.4e-09
d 114 114 8.1e-11 8.4e-09
d 115 115 8.1e-11 8.4e-09
d 116 116 8.1e-11 8.4e-09
d 117 117 8.1e-11 8.4e-09
d 118 118 8.1e-11 8.4e-09
d 119 119 8.1e-11 8.4e-09
d 120 120 8.1e-11 8.4e-09
d 121 121 8.1e-11 8.4e-09
d 122 122 8.1e-11 8.4e-09
d 123 123 8.1e-11 8.4e-09
d 124 124 8.1e-11 8.4e-09
d 125 125 8.1e-11 8.4e-09
d 126 126 8.1e-11 8.4e-09
d 127 127 8.1e-11 8.4e-09
+ 0 0 8.1e-11 8.4e-09 8.1e-11 8.4e-09
+ 1 1 8.1e-11 8.4e-09 8.1e-11 8.4e-09
+ 2 2 8.1e-11 8.4e-09 8.1e-11 8.4e-09
+ 3 3 8.1e-11 8.4e-09 8.1e-11 8.4e-09
+ 4 4 8.1e-11 8.4e-09 8.1e-11 8.4e-09
+ 5 5 8.1e-11 8.4e-09 8.1e-11 8.4e-09
+ 6 6 8.1e-11 8.4e-09 8.1e-11 8.4e-09
+ 7 7 8.1e-11 8.4e-09 8.1e-11 8.4e-09
+ 8 8 8.1e-11 8.4e-09 8.1e-11 8.4e-09
+ 9 9 8.1e-11 8.4e-09 8.1e-11 8.4e-09
+ 10 10 8.1e-11 8.4e-09 8.1e-11 8.4e-09
+ 11 11 8.1e-11 8.4e-09 8.1e-11 8.4e-09
+ 12 12 8.1e-11 8.4e-09 8.1e-11 8.4e-09
+ 13 13 8.1e-11 8.4e-09 8.1e-11 8.4e-09
+ 14 14 8.1e-11 8.4e-09 8.1e-11 8.4e-09
+ 15 15 8.1e-11 8.4e-09 8.1e-11 8.4e-09
+ 16 16 8.1e-11 8.4e-09 8.1e-11 8.4e-09
+ 17 17 8.1e-11 8.4e-09 8.1e-11 8.4e-09
+ 18 18 8.1e-11 8.4e-09 8.1e-11 8.4e-09
+ 19 19 8.1e-11 8.4e-09 8.1e-11 8.4e-09
+ 20 20 8.1e-11 8.4e-09 8.1e-11 8.4e-09
+ 21 21 8.1e-11 8.4e-09 8.1e-11 8.4e-09
+ 22 22 8.1e-11 8.4e-09 8.1e-11 8.4e-09
+ 23 23 8.1e-11 8.4e-09 8.1e-11 8.4e-09
+ 24 24 8.1e-11 8.4e-09 8.1e-11 8.4e-09
+ 25 25 8.1e-11 8.4e-09 8.1e-11 8.4e-09
+ 26 26 8.1e-11 8.4e-09 8.1e-11 8.4e-09
+ 27 27 8.1e-11 8.4e-09 8.1e-11 8.4e-09
+ 28 28 8.1e-11 8.4e-09 8.1e-11 8.4e-09
+ 29 29 8.1e-11 8.4e-09 8.1e-11 8.4e-09
+ 30 30 8.1e-11 8.4e-09 8.1e-11 8.4e-09
+ 31 31 8.1e-11 8.4e-09 8.1e-11 8.4e-09
+ 32 32 8.1e-11 8.4e-09 8.1e-11 8.4e-09
+ 33 33 8.1e-11 8.4e-09 8.1e-11 8.4e-09
+ 34 34 8.1e-11 8.4e-09 8.1e-11 8.4e-09
+ 35 35 8.1e-11 8.4e-09 8.1e-11 8.4e-09
+ 36 36 8.1e-11 8.4e-09 8.1e-11 8.4e-09
+ 37 37 8.1e-11 8.4e-09 8.1e-11 8.4e-09
+ 38 38 8.1e-11 8.4e-09 8.1e-11 8.4e-09
+ 39 39 8.1e-11 8.4e-09 8.1e-11 8.4e-09
+ 40 40 8.1e-11 8.4e-09 8.1e-11 8.4e-09
+ 41 41 8.1e-11 8.4e-09 8.1e-11 8.4e-09
+ 42 42 8.1e-11 8.4e-09 8.1e-11 8.4e-09
+ 43 43 8.1e-11 8.4e-09 8.1e-11 8.4e-09
+ 44 44 8.1e-11 8.4e-09 8.1e-11 8.4e-09
+ 45 45 8.1e-11 8.4e-09 8.1e-11 8.4e-09
+ 46 46 8.1e-11 8.4e-09 8.1e-11 8.4e-09
+ 47 47 8.1e-11 8.4e-09 8.1e-11 8.4e-09
+ 48 48 8.1e-11 8.4e-09 8.1e-11 8.4e-09
+ 49 49 8.1e-11 8.4e-09 8.1e-11 8.4e-09
+ 50 50 8.1e-11 8.4e-09 8.1e-11 8.4e-09
+ 51 51 8.1e-11 8.4e-09 8.1e-11 8.4e-09
+ 52 52 8.1e-11 8.4e-09 8.1e-11 8.4e-09
+ 53 53 8.1e-11 8.4e-09 8.1e-11 8.4e-09
+ 54 54 8.1e-11 8.4e-09 8.1e-11 8.4e-09
+ 55 55 8.1e-11 8.4e-09 8.1e-11 8.4e-09
+ 56 56 8.1e-11 8.4e-09 8.1e-11 8.4e-09
+ 57 57 8.1e-11 8.4e-09 8.1e-11 8.4e-09
+ 58 58 8.1e-11 8.4e-09 8.1e-11 8.4e-09
+ 59 59 8.1e-11 8.4e-09 8.1e-11 8.4e-09
+ 60 60 8.1e-11 8.4e-09 8.1e-11 8.4e-09
+ 61 61 8.1e-11 8.4e-09 8.1e-11 8.4e-09
+ 62 62 8.1e-11 8.4e-09 8.1e-11 8.4e-09
+ 63 63 8.1e-11 8.4e-09 8.1e-11 8.4e-09
+ 64 64 8.1e-11 8.4e-09 8.1e-11 8.4e-09
+ 65 65 8.1e-11 8.4e-09 8.1e-11 8.4e-09
+ 66 66 8.1e-11 8.4e-09 8.1e-11 8.4e-09
+ 67 67 8.1e-11 8.4e-09 8.1e-11 8.4e-09
+ 68 68 8.1e-11 8.4e-09 8.1e-11 8.4e-09
+ 69 69 8.1e-11 8.4e-09 8.1e-11 8.4e-09
+ 70 70 8.1e-11 8.4e-09 8.1e-11 8.4e-09
+ 71 71 8.1e-11 8.4e-09 8.1e-11 8.4e-09
+ 72 72 8.1e-11 8.4e-09 8.1e-11 8.4e-09
+ 73 73 8.1e-11 8.4e-09 8.1e-11 8.4e-09
+ 74 74 8.1e-11 8.4e-09 8.1e-11 8.4e-09
+ 75 75 8.1e-11 8.4e-09 8.1e-11 8.4e-09
+ 76 76 8.1e-11 8.4e-09 8.1e-11 8.4e-09
+ 77 77 8.1e-11 8.4e-09 8.1e-11 8.4e-09
+ 78 78 8.1e-11 8.4e-09 8.1e-11 8.4e-09
+ 79 79 8.1e-11 8.4e-09 8.1e-11 8.4e-09
+ 80 80 8.1e-11 8.4e-09 8.1e-11 8.4e-09
+ 81 81 8.1e-11 8.4e-09 8.1e-11 8.4e-09
+ 82 82 8.1e-11 8.4e-09 8.1e-11 8.4e-09
+ 83 83 8.1e-11 8.4e-09 8.1e-11 8.4e-09
+ 84 84 8.1e-11 8.4e-09 8.1e-11 8.4e-09
+ 85 85 8.1e-11 8.4e-09 8.1e-11 8.4e-09
+ 86 86 8.1e-11 8.4e-09 8.1e-11 8.4e-09
+ 87 87 8.1e-11 8.4e-09 8.1e-11 8.4e-09
+ 88 88 8.1e-11 8.4e-09 8.1e-11 8.4e-09
+ 89 89 8.1e-11 8.4e-09 8.1e-11 8.4e-09
+ 90 90 8.1e-11 8.4e-09 8.1e-11 8.4e-09
+ 91 91 8.1e-11 8.4e-09 8.1e-11 8.4e-09
+ 92 92 8.1e-11 8.4e-09 8.1e-11 8.4e-09
+ 93 93 8.1e-11 8.4e-09 8.1e-11 8.4e-09
+ 94 94 8.1e-11 8.4e-09 8.1e-11 8.4e-09
+ 95 95 8.1e-11 8.4e-09 8.1e-11 8.4e-09
+ 96 96 8.1e-11 8.4e-09 8.1e-11 8.4e-09
+ 97 97 8.1e-11 8.4e-09 8.1e-11 8.4e-09
+ 98 98 8.1e-11 8.4e-09 8.1e-11 8.4e-09
+ 99 99 8.1e-11 8.4e-09 8.1e-11 8.4e-09
+ 100 100 8.1e-11 8.4e-09 8.1e-11 8.4e-09
+ 101 101 8.1e-11 8.4e-09 8.1e-11 8.4e-09
+ 102 102 8.1e-11 8.4e-09 8.1e-11 8.4e-09
+ 103 103 8.1e-11 8.4e-09 8.1e-11 8.4e-09
+ 104 104 8.1e-11 8.4e-09 8.1e-11 8.4e-09
+ 105 105 8.1e-11 8.4e-09 8.1e-11 8.4e-09
+ 106 106 8.1e-11 8.4e-09 8.1e-11 8.4e-09
+ 107 107 8.1e-11 8.4e-09 8.1e-11 8.4e-09
+ 108 108 8.1e-11 8.4e-09 8.1e-11 8.4e-09
+ 109 109 8.1e-11 8.4e-09 8.1e-11 8.4e-09
+ 110 110 8.1e-11 8.4e-09 8.1e-11 8.4e-09
+ 111 111 8.1e-11 8.4e-09 8.1e-11 8.4e-09
+ 112 112 8.1e-11 8.4e-09 8.1e-11 8.4e-09
+ 113 113 8.1e-11 8.4e-09 8.1e-11 8.4e-09
+ 114 114 8.1e-11 8.4e-09 8.1e-11 8.4e-09
+ 115 115 8.1e-11 8.4e-09 8.1e-11 8.4e-09
+ 116 116 8.1e-11 8.4e-09 8.1e-11 8.4e-09
+ 117 117 8.1e-11 8.4e-09 8.1e-11 8.4e-09
+ 118 118 8.1e-11 8.4e-09 8.1e-11 8.4e-09
+ 119 119 8.1e-11 8.4e-09 8.1e-11 8.4e-09
+ 120 120 8.1e-11 8.4e-09 8.1e-11 8.4e-09
+ 121 121 8.1e-11 8.4e-09 8.1e-11 8.4e-09
+ 122 122 8.1e-11 8.4e-09 8.1e-11 8.4e-09
+ 123 123 8.1e-11 8.4e-09 8.1e-11 8.4e-09
+ 124 124 8.1e-11 8.4e-09 8.1e-11 8.4e-09
+ 125 125 8.1e-11 8.4e-09 8.1e-11 8.4e-09
+ 126 126 8.1e-11 8.4e-09 8.1e-11 8.4e-09
+ 127 127 8.1e-11 8.4e-09 8.1e-11 8.4e-09
o 0 0
o 1 1
o 2 2
o 3 3
o 4 4
o 5 5
o 6 6
o 7 7
o 8 8
o 9 9
o 10 10
o 11 11
o 12 12
o 13 13
o 14 14
o 15 15
o 16 16
o 17 17
o 18 18
o 19 19
o 20 20
o 21 21
o 22 22
o 23 23
o 24 24
o 25 25
o 26 26
o 27 27
o 28 28
o 29 29
o 30 30
o 31 31
o 32 32
o 33 33
o 34 34
o 35 35
o 36 36
o 37 37
o 38 38
o 39 39
o 40 40
o 41 41
o 42 42
o 43 43
o 44 44
o 45 45
o 46 46
o 47 47
o 48 48
o 49 49
o 50 50
o 51 51
o 52 52
o 53 53
o 54 54
o 55 55
o 56 56
o 57 57
o 58 58
o 59 59
o 60 60
o 61 61
o 62 62
o 63 63
o 64 64
o 65 65
o 66 66
o 67 67
o 68 68
o 69 69
o 70 70
o 71 71
o 72 72
o 73 73
o 74 74
o 75 75
o 76 76
o 77 77
o 78 78
o 79 79
o 80 80
o 81 81
o 82 82
o 83 83
o 84 84
o 85 85
o 86 86
o 87 87
o 88 88
o 89 89
o 90 90
o 91 91
o 92 92
o 93 93
o 94 94
o 95 95
o 96 96
o 97 97
o 98 98
o 99 99
o 100 100
o 101 101
o 102 102
o 103 103
o 104 104
o 105 105
o 106 106
o 107 107
o 108 108
o 109 109
o 110 110
o 111 111
o 112 112
o 113 113
o 114 114
o 115 115
o 116 116
o 117 117
o 118 118
o 119 119
o 120 120
o 121 121
o 122 122
o 123 123
o 124 124
o 125 125
o 126 126
o 127 127
